0.140029475092888
0.195302546024323
0.0170824564993382
-0.0342179462313652
0.0667486488819122
0.173955291509628
0.0121536161750555
-0.0598286986351013
0.121219038963318
0.132779687643051
-0.00417057424783707
-0.0438204333186150
0.129457920789719
0.140423327684402
-0.0453594811260700
-0.00143957324326038
0.135335534811020
0.111199878156185
-0.0481304377317429
0.000427817925810814
0.162841707468033
0.0605955123901367
-0.0499044917523861
0.0304172821342945
0.155669867992401
0.0569982305169106
-0.0680822283029556
0.0780864283442497
0.149899393320084
0.0322466120123863
-0.0445756688714027
0.0860883295536041
0.159409791231155
-0.0117088221013546
-0.0313876755535603
0.105328813195229
0.125729978084564
-0.0150446873158216
-0.0264108516275883
0.152554199099541
0.124184183776379
0.00665690284222364
0.0564347654581070
0.199404895305634
0.177474439144135
0.0356683358550072
0.135373666882515
0.257978320121765
0.178803473711014
0.0766991972923279
0.153814911842346
0.263154149055481
0.120735272765160
0.0275209583342075
0.122770264744759
0.153565615415573
0.0115893781185150
-0.0910750478506088
0.0331216230988503
0.0401658341288567
-0.104802876710892
-0.118290171027184
0.00431130221113563
0.0485545992851257
-0.0619352683424950
0.00449378043413162
0.167250767350197
0.147573977708817
0.0476847812533379
0.0914427787065506
0.255099415779114
0.195301294326782
0.108864799141884
0.272184640169144
0.431454360485077
0.419491767883301
0.364992588758469
0.464366555213928
0.500112533569336
0.234336048364639
-0.0502982959151268
-0.0439037829637528
0.0216955784708262
-0.121891275048256
-0.163692995905876
-0.0627530440688133
-0.123193964362144
-0.298091828823090
-0.368400752544403
-0.256886154413223
-0.209858104586601
-0.234488710761070
-0.101897858083248
0.0683096572756767
0.0989424735307694
0.0535412132740021
0.172904431819916
0.304706245660782
0.231093287467957
0.179301798343658
0.250124156475067
0.306702524423599
0.166599094867706
0.0296979844570160
0.0936019122600555
0.105463311076164
-0.00180763658136129
-0.0356011688709259
0.146714776754379
0.265513837337494
0.189902648329735
0.250747710466385
0.410235345363617
0.447473078966141
0.347881257534027
0.342276155948639
0.444733649492264
0.362158000469208
0.204336494207382
0.179705873131752
0.216401487588882
0.107498660683632
-0.0621948502957821
-0.0345591530203819
0.00368399778380990
-0.0989179462194443
-0.189194336533546
-0.126739084720612
-0.0520979054272175
-0.143244653940201
-0.169177517294884
-0.0488026887178421
0.0149534093216062
-0.0529287718236446
-0.0640377849340439
0.0805139318108559
0.109861396253109
0.0267439614981413
0.0525320172309876
0.170403957366943
0.186975821852684
0.0876171588897705
0.131692737340927
0.235822960734367
0.193986713886261
0.104833379387856
0.138195276260376
0.228813052177429
0.154734045267105
0.0715570449829102
0.141214787960053
0.197779029607773
0.123388513922691
0.0467040427029133
0.131621867418289
0.171724721789360
0.0702124908566475
0.0394134670495987
0.125865861773491
0.162300050258636
0.0597673505544663
0.0474415346980095
0.148422628641129
0.138688012957573
0.0496161058545113
0.0521718040108681
0.152894660830498
0.127877384424210
0.0316191166639328
0.0763373598456383
0.155557736754417
0.119932428002357
0.0364437028765678
0.0936225801706314
0.170871436595917
0.0976878106594086
0.0414213389158249
0.104411855340004
0.162753164768219
0.0828143656253815
0.0321972109377384
0.123291879892349
0.149959832429886
0.0719151198863983
0.0451034605503082
0.132867813110352
0.144683167338371
0.0401542112231255
0.0414952673017979
0.118043527007103
0.106272488832474
0.0167196020483971
0.0342645198106766
0.126844659447670
0.0876020789146423
0.0167514123022556
0.0576323308050633
0.133161082863808
0.0888217985630035
0.0173774883151054
0.0873026773333550
0.141709595918655
0.0786190330982208
0.0279229935258627
0.0945306122303009
0.141250222921371
0.0551773458719254
0.0286703184247017
0.105097621679306
0.124350108206272
0.0456749349832535
0.0282164160162210
0.119059234857559
0.113437071442604
0.0330457016825676
0.0438542924821377
0.119351029396057
0.104324325919151
0.0183938015252352
0.0530187040567398
0.124467700719833
0.0865402668714523
0.0260647721588612
0.0695521160960197
0.140129446983337
0.0817484408617020
0.0296005792915821
0.0917392820119858
0.133513152599335
0.0726633220911026
0.0270391330122948
0.101087421178818
0.126462966203690
0.0496626943349838
0.0341359265148640
0.103686437010765
0.119293272495270
0.0381404533982277
0.0388189256191254
0.114582315087318
0.0989509671926498
0.0286082103848457
0.0398194193840027
0.114065416157246
0.0839033350348473
0.0144614130258560
0.0535264499485493
0.109027624130249
0.0696461573243141
0.00580600276589394
0.0538707450032234
0.102482549846172
0.0396140962839127
0.000381731195375323
0.0548948831856251
0.0934391543269157
0.0269288606941700
-0.00201768241822720
0.0692354738712311
0.0823721066117287
0.0195951461791992
0.00826726667582989
0.0814757794141769
0.0837401598691940
0.00846159178763628
0.0221712272614241
0.0865450575947762
0.0747417807579041
0.0100512886419892
0.0352505408227444
0.101443640887737
0.0629206150770187
0.00980332866311073
0.0390559844672680
0.0855054333806038
0.0394999347627163
-0.0195711739361286
0.0301623791456223
0.0612793229520321
-0.00788668636232615
-0.0604624710977078
-0.00318758282810450
0.0475062243640423
0.00166565831750631
-0.00443796068429947
0.0514547750353813
0.0548893287777901
-0.00435442617163062
-0.00129748508334160
0.0782456770539284
0.0697558969259262
0.00363252218812704
0.0199101567268372
0.0807778388261795
0.0713488683104515
0.0286145601421595
0.0749303996562958
0.133545935153961
0.101597085595131
0.0567153766751289
0.0958854928612709
0.139333248138428
0.0801090896129608
0.0351160727441311
0.0742350667715073
0.0860954597592354
0.0164235625416040
-0.0278741307556629
0.0149719640612602
0.00910915620625019
-0.0677315592765808
-0.0906997770071030
-0.0503497570753098
-0.0576767250895500
-0.125173792243004
-0.114254511892796
-0.0494045764207840
-0.0548440217971802
-0.0935674533247948
-0.0610171034932137
0.0109067019075155
-0.00267866486683488
-0.0363495685160160
0.0145130418241024
0.0692847967147827
0.0463399365544319
0.0151693057268858
0.0681987330317497
0.106432914733887
0.0588009208440781
0.0338274314999580
0.0767714530229569
0.0929794237017632
0.0271082688122988
-0.00119643099606037
0.0411923304200172
0.0317150317132473
-0.0311786215752363
-0.0432411357760429
0.00518703972920775
-0.00661407178267837
-0.0650038272142410
-0.0488977544009686
0.000349208014085889
-0.0152572244405746
-0.0624308884143829
-0.0328225046396256
0.0196570381522179
-0.00956635549664497
-0.0428637489676476
-0.00426545133814216
0.0350872576236725
-0.00584262562915683
-0.0406749993562698
0.000910227070562542
0.0148025508970022
-0.0390075407922268
-0.0685520321130753
-0.0279296021908522
-0.0192182492464781
-0.0771120190620422
-0.0826927125453949
-0.0333392135798931
-0.0301914494484663
-0.0756349265575409
-0.0653991699218750
-0.00741909304633737
-0.0166700612753630
-0.0572203919291496
-0.0363801866769791
0.00983259920030832
-0.0108326682820916
-0.0550982989370823
-0.0254794918000698
0.00832624174654484
-0.0264851227402687
-0.0611900128424168
-0.0274565089493990
0.00166554981842637
-0.0433776229619980
-0.0660371705889702
-0.0224908310920000
-0.00402759388089180
-0.0471259206533432
-0.0613728649914265
-0.0113842524588108
-0.00740674184635282
-0.0567163527011871
-0.0563772469758987
-0.0111757628619671
-0.0151248741894960
-0.0639887303113937
-0.0521199405193329
-0.00610117986798286
-0.0235367845743895
-0.0563286989927292
-0.0349752753973007
0.00664823036640883
-0.0174243915826082
-0.0636710375547409
-0.0208451300859451
-0.0232753381133080
-0.0295480284839869
0.0482098609209061
-0.0296181496232748
-0.178242743015289
-0.145016759634018
0.00333337485790253
-0.0622339732944965
-0.229712814092636
-0.107482746243477
0.0105780260637403
-0.0892675966024399
-0.192424803972244
-0.0781767964363098
0.0543915145099163
-0.0991362929344177
-0.160768926143646
-0.0169460885226727
0.0375889241695404
-0.0986014530062676
-0.167539671063423
0.0137177947908640
0.0231897346675396
-0.134735286235809
-0.133172810077667
0.00450882315635681
0.0113381706178188
-0.166420966386795
-0.118194885551929
0.0264512561261654
-0.0403852239251137
-0.165740817785263
-0.116252809762955
0.0387701988220215
-0.0599761158227921
-0.178456038236618
-0.0659007877111435
0.0253120511770248
-0.0664410963654518
-0.176827579736710
-0.0382035523653030
0.0357896536588669
-0.109413474798203
-0.153519690036774
-0.0374365672469139
0.0191412083804607
-0.138361558318138
-0.159455299377441
-0.00308594480156899
-0.0172635931521654
-0.146138608455658
-0.154224723577499
-0.00492734275758266
-0.0409397259354591
-0.188306719064713
-0.118614159524441
-0.00367870042100549
-0.0493224784731865
-0.177812755107880
-0.0937716886401177
0.0319675169885159
-0.0729565918445587
-0.150299102067947
-0.0599693581461906
0.0374904610216618
-0.0734063759446144
-0.152959257364273
-0.0143392449244857
0.0192992389202118
-0.100341968238354
-0.153125688433647
-0.0300600193440914
-0.0101104564964771
-0.171850457787514
-0.168739169836044
-0.0587529018521309
-0.0724915266036987
-0.205546259880066
-0.187289804220200
-0.0493750050663948
-0.115531884133816
-0.219782322645187
-0.160351127386093
-0.0481305532157421
-0.110103033483028
-0.221689820289612
-0.111706621944904
-0.0242052990943193
-0.104938045144081
-0.171005338430405
-0.0699787214398384
0.00853073224425316
-0.116675578057766
-0.149454683065414
-0.0370129682123661
-0.00694150710478425
-0.122469291090965
-0.159743428230286
-0.0235971696674824
-0.0356927998363972
-0.157036826014519
-0.142224684357643
-0.0326744951307774
-0.0459094718098640
-0.173261612653732
-0.117952249944210
-0.00682579772546887
-0.0586077086627483
-0.147006258368492
-0.0881459042429924
0.0225415918976069
-0.0654956325888634
-0.145007580518723
-0.0548623502254486
0.000702820718288422
-0.0945788025856018
-0.180596306920052
-0.0848636776208878
-0.0611355714499950
-0.187093868851662
-0.220732837915421
-0.131558999419212
-0.103737533092499
-0.219104230403900
-0.206719934940338
-0.0803748667240143
-0.0958458036184311
-0.191990703344345
-0.184572249650955
-0.0620687231421471
-0.0815324187278748
-0.181188851594925
-0.108671039342880
0.0127435000613332
0.0144421625882387
-0.00368978269398212
0.144902348518372
0.272722899913788
0.187678575515747
0.0525092557072640
0.0159003548324108
-0.0276580341160297
-0.238021224737167
-0.364466071128845
-0.279760062694550
-0.231013745069504
-0.249475210905075
-0.185748860239983
-0.0305162034928799
-0.0413992330431938
-0.216939494013786
-0.283284306526184
-0.262497663497925
-0.296849399805069
-0.360062748193741
-0.252057939767838
-0.0642200559377670
-0.0530247539281845
-0.0826604515314102
-0.000657587544992566
0.0886941477656364
0.0127300322055817
-0.100091233849525
-0.0643422007560730
-0.0587577819824219
-0.160634607076645
-0.220791548490524
-0.123544983565807
-0.0323072038590908
-0.0895765423774719
-0.0729775279760361
0.0451687611639500
0.0780253708362579
-0.00376014341600239
-0.0179498996585608
0.0711449533700943
0.0281903296709061
-0.0928883254528046
-0.100844964385033
-0.0359855294227600
-0.0730298236012459
-0.173511028289795
-0.124287247657776
-0.0475271195173264
-0.0984174236655235
-0.164325416088104
-0.110006079077721
-0.0390770956873894
-0.112349517643452
-0.156131893396378
-0.0756411403417587
-0.0316769145429134
-0.104288652539253
-0.153531357645988
-0.0752167254686356
-0.0718723535537720
-0.177398025989532
-0.199899628758430
-0.124487534165382
-0.112861312925816
-0.200655087828636
-0.178360551595688
-0.0785180628299713
-0.0889425426721573
-0.154549896717072
-0.124725624918938
-0.0337732210755348
-0.0700275972485542
-0.134769931435585
-0.0714257508516312
-0.00221433094702661
-0.0436421073973179
-0.104272201657295
-0.0364694632589817
0.0156469792127609
-0.0596222467720509
-0.0992039665579796
-0.0377601236104965
-0.00401007756590843
-0.0860331580042839
-0.111840583384037
-0.0330521613359451
-0.0324040651321411
-0.109326161444187
-0.119394883513451
-0.0380011126399040
-0.0451124645769596
-0.128187224268913
-0.101833395659924
-0.0295466482639313
-0.0492510050535202
-0.120677053928375
-0.0826636105775833
-0.00680276937782764
-0.0521280393004417
-0.102808378636837
-0.0548979528248310
0.000867373310029507
-0.0546364858746529
-0.102811247110367
-0.0304390378296375
0.00309737678617239
-0.0595716498792172
-0.0916339755058289
-0.0252848416566849
-0.00448410725221038
-0.0899549797177315
-0.104120157659054
-0.0407742559909821
-0.0387615859508514
-0.109389558434486
-0.105193868279457
-0.0250772051513195
-0.0441849417984486
-0.108118318021297
-0.0819365084171295
-0.0158227663487196
-0.0441011711955071
-0.110492281615734
-0.0648184642195702
-0.0133661124855280
-0.0609728507697582
-0.109278090298176
-0.0586734898388386
-0.00751034077256918
-0.0689516738057137
-0.0996118485927582
-0.0330742374062538
-0.00353438546881080
-0.0635489597916603
-0.0851677060127258
-0.0124578597024083
-0.00724940514191985
-0.0768055617809296
-0.0772465020418167
-0.0118765868246555
-0.0130175529047847
-0.0843008384108543
-0.0639654099941254
0.00370045588351786
-0.0195914879441261
-0.0763352215290070
-0.0495206713676453
0.0114830266684294
-0.0284175295382738
-0.0780726224184036
-0.0311054140329361
0.0130378538742661
-0.0297431237995625
-0.0718083754181862
-0.0126807251945138
0.0212192144244909
-0.0378102250397205
-0.0578329712152481
-0.000676883384585381
0.0209432579576969
-0.0429056510329247
-0.0515668839216232
0.0125459469854832
0.00976819731295109
-0.0470614656805992
-0.0420097038149834
0.0223936811089516
0.00837863981723785
-0.0518682226538658
-0.0251636467874050
0.0290759466588497
0.00612199166789651
-0.0471006557345390
-0.0130036231130362
0.0349315181374550
-0.00970497168600559
-0.0485567450523376
-0.00709089776501060
0.0318266525864601
-0.0184849854558706
-0.0546742826700211
-0.000995671609416604
0.0190001744776964
-0.0330078676342964
-0.0520710982382298
0.00577493896707892
0.0197800025343895
-0.0417702496051788
-0.0403501912951469
0.0162332653999329
0.0115592852234840
-0.0472743436694145
-0.0380104109644890
0.0194158591330051
-0.00423249043524265
-0.0526703596115112
-0.0270076654851437
0.0173642039299011
-0.0133580192923546
-0.0504538863897324
4.79090958833694e-05
0.0406447127461433
0.00333958957344294
-0.0342773124575615
-0.00519027886912227
0.0290551185607910
0.0148592889308929
0.0347472019493580
0.0945408046245575
0.0914447233080864
0.0132762026041746
-0.00967619847506285
0.0615296475589275
0.0873340740799904
0.0590308830142021
0.0781984850764275
0.117992348968983
0.0777767449617386
-0.00910811591893435
-0.0232288520783186
-0.00818290188908577
-0.0486890375614166
-0.0982707738876343
-0.0754545405507088
-0.0265287943184376
-0.0520280301570892
-0.0724470019340515
-0.0138512989506125
0.0393768288195133
0.0306960754096508
0.0349748842418194
0.109367623925209
0.144593030214310
0.100380569696426
0.0807206481695175
0.110439293086529
0.101446546614170
0.0296636410057545
0.00832615420222282
0.0396333634853363
0.0197386927902699
-0.0311910789459944
-0.0251027457416058
0.0209019333124161
0.00643041590228677
-0.0278555490076542
0.00895229168236256
0.0577772110700607
0.0421070493757725
0.00962162204086781
0.0434481799602509
0.0793927609920502
0.0429884418845177
0.0162747129797936
0.0533072724938393
0.0781934410333633
0.0408819764852524
0.0203427560627460
0.0696858912706375
0.0815392509102821
0.0408474206924439
0.0523524545133114
0.0588611476123333
0.0647152885794640
0.109758272767067
0.112395502626896
0.0696845650672913
0.0763657018542290
0.182068586349487
0.182432606816292
0.0310867503285408
-0.0220489166676998
0.111269362270832
0.156318306922913
-0.0416327938437462
-0.0484576225280762
0.119805522263050
0.0866521149873734
-0.0551338046789169
-0.0428844802081585
0.139456123113632
0.0876065790653229
-0.0674151480197907
0.0267950575798750
0.149321407079697
0.0870867297053337
-0.0548757389187813
0.0589816868305206
0.188612461090088
0.0556080900132656
-0.0203398130834103
0.0858961865305901
0.182658970355988
0.0381888858973980
-0.0392434224486351
0.124800354242325
0.150775849819183
0.0226203463971615
-0.0153083894401789
0.144976764917374
0.164917856454849
-0.00580209540203214
0.0282714162021875
0.159957870841026
0.141463339328766
-0.00416129827499390
0.0409116894006729
0.202443987131119
0.118634991347790
0.00976012088358402
0.0811898335814476
0.201378524303436
0.112053997814655
-0.0170896984636784
0.107608288526535
0.179848298430443
0.0686541050672531
-0.0126733593642712
0.101659812033176
0.174750387668610
0.0148108396679163
-0.0153358336538076
0.114197634160519
0.139669150114059
0.00677324458956718
-0.0156758166849613
0.145374745130539
0.117822729051113
-0.0108957458287478
0.0196360237896442
0.149303138256073
0.127459332346916
-0.0133921336382627
0.0684218183159828
0.183716669678688
0.109522931277752
0.0122787151485682
0.0872050002217293
0.203369438648224
0.0882170498371124
0.0129557084292173
0.125641226768494
0.183875858783722
0.0804254114627838
0.00752134062349796
0.143164843320847
0.175458610057831
0.0444038286805153
0.0302429404109716
0.146769165992737
0.169021621346474
0.0254405718296766
0.0415138266980648
0.169433429837227
0.131857067346573
0.0226070992648602
0.0486463829874992
0.178079724311829
0.116441518068314
0.00387569097802043
0.0819349065423012
0.169568270444870
0.105904154479504
0.00577587960287929
0.103541292250156
0.183626949787140
0.0717810764908791
0.0215116739273071
0.115083768963814
0.176889300346375
0.0629823505878449
0.0288486164063215
0.159401983022690
0.169462800025940
0.0651081502437592
0.0503674596548080
0.174280390143394
0.164771914482117
0.0338555350899696
0.0708858445286751
0.171573340892792
0.142484486103058
0.0318611189723015
0.0781727433204651
0.185351043939590
0.111149668693542
0.0316634699702263
0.0931084156036377
0.177249521017075
0.0966341942548752
0.0175970941781998
0.125062435865402
0.174311697483063
0.0854996293783188
0.0351648665964603
0.131179720163345
0.169067218899727
0.0456891804933548
0.0317630171775818
0.127522185444832
0.133204579353333
0.0280002541840076
0.0284981504082680
0.147992342710495
0.117929995059967
0.0255908928811550
0.0595102757215500
0.155309066176415
0.120716050267220
0.0210814066231251
0.0917253270745277
0.169451683759689
0.100583404302597
0.0266577545553446
0.0959190428256989
0.172820746898651
0.0789848938584328
0.0349071733653545
0.128055989742279
0.168499052524567
0.0803202241659164
0.0380623713135719
0.147675871849060
0.161059781908989
0.0652067214250565
0.0679240524768829
0.160854503512383
0.164213314652443
0.0550929158926010
0.0772029384970665
0.167228192090988
0.123368844389915
0.0323123335838318
0.0532673634588718
0.134044528007507
0.0699907243251801
-0.0113368649035692
0.0529381856322289
0.114693984389305
0.0555605590343475
-0.00609571766108275
0.0845935642719269
0.137214675545692
0.0484960824251175
0.0297467038035393
0.134173959493637
0.190021187067032
0.106088496744633
0.0860718190670013
0.157241910696030
0.114786863327026
0.000422743847593665
-0.00475851260125637
0.111460983753204
0.141750410199165
0.113499917089939
0.207621425390244
0.312849640846252
0.276945173740387
0.169294938445091
0.164029166102409
0.159144371747971
0.0286037847399712
-0.0574665069580078
0.00317893177270889
0.123015619814396
0.133614614605904
0.102342583239079
0.126644864678383
0.0476829856634140
-0.117603406310081
-0.184184953570366
-0.0956691801548004
-0.0383006446063519
-0.0776098519563675
-0.0171008892357349
0.114427275955677
0.152408286929131
0.0975958704948425
0.111866712570190
0.182739213109016
0.117753833532333
0.00949314143508673
0.0236478969454765
0.0820625871419907
0.0356892868876457
-0.0230286717414856
0.0610645264387131
0.147711962461472
0.126199841499329
0.104916125535965
0.184215113520622
0.240220338106155
0.161016508936882
0.118986964225769
0.167639046907425
0.162748306989670
0.0663453936576843
0.0304718166589737
0.104564897716045
0.0961786061525345
0.0130119640380144
0.0130059234797955
0.0794151052832604
0.0675485804677010
-0.0101157352328300
0.0241723582148552
0.0992895141243935
0.0723783373832703
0.0177548229694366
0.0579637475311756
0.124356642365456
0.0661796182394028
0.00774187268689275
0.0559753961861134
0.0849811881780624
0.0152962114661932
-0.0421670563519001
0.0181478932499886
0.0441098734736443
-0.0217005256563425
-0.0280441641807556
0.0503339655697346
0.0805715844035149
0.0144658014178276
0.0182698480784893
0.0954112485051155
0.0878333896398544
0.0229109544306994
0.0292629525065422
0.0969106853008270
0.0696940571069717
0.000364065868780017
0.0341013818979263
0.0904423147439957
0.0605107918381691
0.00514473207294941
0.0522476658225060
0.104387164115906
0.0489532612264156
0.00942072644829750
0.0588317885994911
0.0936626270413399
0.0299513507634401
-0.00102516030892730
0.0624348223209381
0.0730488300323486
0.00910777971148491
-0.00711753871291876
0.0611440613865852
0.0693833380937576
0.00172712560743094
0.0133407199755311
0.0757073462009430
0.0665739923715591
0.00349331903271377
0.0214232038706541
0.0831242948770523
0.0460042953491211
-0.0109183685854077
0.0185217354446650
0.0682735219597817
0.0292575806379318
-0.0196302458643913
0.0295212082564831
0.0626773908734322
0.0117415236309171
-0.0231923237442970
0.0285583846271038
0.0562779009342194
-0.00932716764509678
-0.0282455570995808
0.0266953725367785
0.0367245785892010
-0.0229618959128857
-0.0311281494796276
0.0323555059731007
0.0242707096040249
-0.0316273607313633
-0.0183704905211926
0.0372496023774147
0.0214196480810642
-0.0361539348959923
-0.00367459096014500
0.0477722696959972
0.0161126665771008
-0.0282156057655811
0.00499671092256904
0.0483768507838249
-0.000321151805110276
-0.0372323915362358
0.00846644677221775
0.0339646451175213
-0.0151523556560278
-0.0431069806218147
0.0129142971709371
0.0301047302782536
-0.0227884780615568
-0.0297768712043762
0.0219307336956263
0.0261371135711670
-0.0344193764030933
-0.0299007780849934
0.0242794267833233
0.00898588169366121
-0.0429480224847794
-0.0289764031767845
0.0239262580871582
-0.00135017838329077
-0.0479008853435516
-0.0166495237499475
0.0238469503819942
-0.00408881716430187
-0.0433438606560230
-0.00246208161115646
0.0316774621605873
-0.0142360338941216
-0.0394495204091072
0.00255650281906128
0.0250834058970213
-0.0277214385569096
-0.0472608916461468
0.00338090863078833
0.00661994982510805
-0.0446200594305992
-0.0510016009211540
-0.000695259775966406
-0.00555333029478788
-0.0588978752493858
-0.0469382591545582
-0.00204091635532677
-0.0164605136960745
-0.0635262727737427
-0.0416142530739307
0.00443386891856790
-0.0262609161436558
-0.0647842437028885
-0.0362749025225639
-0.00263582845218480
-0.0423881933093071
-0.0789517536759377
-0.0384129509329796
-0.0179606042802334
-0.0619884878396988
-0.0851458758115768
-0.0422981902956963
-0.0237975530326366
-0.0713013559579849
-0.0807912945747376
-0.0405846834182739
-0.0419467650353909
-0.0924072265625000
-0.0914498567581177
-0.0357857644557953
-0.0413507446646690
-0.0790617018938065
-0.0601285919547081
-0.0315815433859825
-0.0676966086030006
-0.106852203607559
-0.0470513030886650
0.0313496738672257
0.0204569343477488
-0.0152604673057795
-0.00581309385597706
0.0196363870054483
-0.0111820502206683
-0.0241085141897202
0.0357741229236126
0.00702974246814847
0.00558162387460470
0.0465452671051025
-0.0968255698680878
-0.240921825170517
-0.173543989658356
-0.0338635146617889
-0.136771589517593
-0.250422239303589
-0.0803628265857697
-0.000377190764993429
-0.115756131708622
-0.177312597632408
-0.00911292992532253
0.0881180614233017
-0.0746455341577530
-0.0717444792389870
0.0756300985813141
0.0815909355878830
-0.0904354378581047
-0.124284029006958
0.0381754674017429
-0.0305085256695747
-0.186173647642136
-0.149409636855125
-0.0113996593281627
-0.0563414283096790
-0.212818697094917
-0.101671852171421
0.0199168715626001
-0.0700218826532364
-0.173109829425812
-0.0796183571219444
0.0396030992269516
-0.110759384930134
-0.189796462655067
-0.0654508471488953
-0.0136639829725027
-0.138976246118546
-0.208020150661469
-0.0384701341390610
-0.0128753492608666
-0.150830686092377
-0.141633421182632
0.00233404757454991
0.0284500420093536
-0.126455903053284
-0.0837033241987228
0.0595221221446991
0.00450570322573185
-0.119783550500870
-0.0878315120935440
0.0466135926544666
-0.0532308332622051
-0.184753477573395
-0.0966488644480705
-0.0157305411994457
-0.103918664157391
-0.216319710016251
-0.0959343835711479
-0.0180398151278496
-0.146826714277267
-0.187909856438637
-0.0747493132948875
-0.0119560249149799
-0.151585876941681
-0.178169444203377
-0.0312782153487206
-0.0354752689599991
-0.152374863624573
-0.160076767206192
-0.0191497988998890
-0.0435388907790184
-0.183804526925087
-0.126507282257080
-0.0177822429686785
-0.0581210516393185
-0.181286484003067
-0.113047085702419
0.00446685357019305
-0.0923681855201721
-0.171858713030815
-0.0901087075471878
0.00290299928747118
-0.0978097468614578
-0.178046613931656
-0.0507727339863777
-0.00992772262543440
-0.115190275013447
-0.161581903696060
-0.0410747900605202
-0.00708191841840744
-0.148028224706650
-0.144370526075363
-0.0335317999124527
-0.0359478965401650
-0.157922565937042
-0.147153973579407
-0.0158177521079779
-0.0709635019302368
-0.176520526409149
-0.130955204367638
-0.0279853213578463
-0.0852868407964706
-0.200549572706223
-0.114244565367699
-0.0380850359797478
-0.120353840291500
-0.196354478597641
-0.111870244145393
-0.0334944874048233
-0.147159308195114
-0.184500366449356
-0.0771490037441254
-0.0402500182390213
-0.140252411365509
-0.174433678388596
-0.0446513071656227
-0.0418188832700253
-0.148270100355148
-0.134956181049347
-0.0302995424717665
-0.0381192192435265
-0.161595031619072
-0.121069319546223
-0.0199489761143923
-0.0700460746884346
-0.158884450793266
-0.113939136266708
-0.0155431702733040
-0.0963258072733879
-0.176990777254105
-0.0974080413579941
-0.0386957749724388
-0.115321338176727
-0.186854630708694
-0.0863191410899162
-0.0421114340424538
-0.144612759351730
-0.167047411203384
-0.0721101760864258
-0.0379974804818630
-0.148272842168808
-0.151909455657005
-0.0395725294947624
-0.0499847792088985
-0.139160767197609
-0.127863422036171
-0.0180459506809711
-0.0509750247001648
-0.154252722859383
-0.105700038373470
-0.0279796682298183
-0.0736496448516846
-0.163057699799538
-0.0967465937137604
-0.0193052440881729
-0.102749854326248
-0.158099055290222
-0.0876807272434235
-0.0280530322343111
-0.114977732300758
-0.160853236913681
-0.0623486042022705
-0.0421856082975864
-0.125945255160332
-0.149131536483765
-0.0508920103311539
-0.0375126078724861
-0.140021458268166
-0.123523868620396
-0.0358302295207977
-0.0480879619717598
-0.143025070428848
-0.119511179625988
-0.0227856468409300
-0.0725064054131508
-0.147616207599640
-0.103941000998020
-0.0304576121270657
-0.0871322602033615
-0.166577458381653
-0.0948926508426666
-0.0463169328868389
-0.118112251162529
-0.168489098548889
-0.0913294106721878
-0.0407795906066895
-0.129954636096954
-0.148005768656731
-0.0620190240442753
-0.0426293537020683
-0.127176403999329
-0.143663316965103
-0.0478258654475212
-0.0582923591136932
-0.140898287296295
-0.122865825891495
-0.0381830185651779
-0.0525658614933491
-0.137456119060516
-0.0894023925065994
-0.0111128753051162
-0.0532422848045826
-0.116756215691566
-0.0683882310986519
0.00208162236958742
-0.0682694017887116
-0.123430073261261
-0.0605316273868084
-0.0273275747895241
-0.102424487471581
-0.155010968446732
-0.0788215845823288
-0.0589799024164677
-0.139803051948547
-0.148190692067146
-0.0662912577390671
-0.0446626171469688
-0.125567138195038
-0.111285157501698
-0.0259696375578642
-0.0428079962730408
-0.100124157965183
-0.0675430595874786
0.0157200973480940
-0.0223633348941803
-0.105326525866985
-0.0840061157941818
-0.0510680750012398
-0.101154327392578
-0.147948086261749
-0.0576269254088402
0.0415725521743298
0.0310556050390005
0.0325586982071400
0.0850888565182686
0.0809782594442368
-0.0282796937972307
-0.0788708180189133
-0.0125421863049269
0.0112757468596101
-0.0317523330450058
-0.0300197396427393
0.0375277809798718
-0.00942723639309406
-0.184366762638092
-0.268113791942596
-0.264079093933105
-0.298315674066544
-0.337483137845993
-0.256162613630295
-0.130289673805237
-0.106217160820961
-0.0864209979772568
0.0248319879174233
0.126000344753265
0.0908168926835060
0.0230562034994364
0.0353353023529053
0.0151375811547041
-0.0845277458429337
-0.147933959960938
-0.0940451622009277
-0.0621750205755234
-0.111396402120590
-0.0774860382080078
0.0266224909573793
0.0638270005583763
0.0183666758239269
0.0264501255005598
0.0993928164243698
0.0733074694871903
-0.00482970522716641
-0.00300150364637375
0.0388911068439484
-0.00415305607020855
-0.0837770476937294
-0.0519653186202049
-0.00224796216934919
-0.0432613715529442
-0.0911290124058723
-0.0508393459022045
-0.00606851838529110
-0.0629880726337433
-0.0924029424786568
-0.0287748463451862
0.00486435275524855
-0.0455314218997955
-0.0672808289527893
-0.00145841762423515
0.00346392579376698
-0.0684584975242615
-0.0794941037893295
-0.0252621453255415
-0.0275035053491592
-0.0950503647327423
-0.0783273950219154
-0.0110104912891984
-0.0242883730679750
-0.0709986835718155
-0.0415917411446571
0.0233992729336023
-0.00673895515501499
-0.0538062900304794
-0.0113681089133024
0.0294581353664398
-0.0119473906233907
-0.0561153069138527
-0.00674820877611637
0.0270525775849819
-0.0250651594251394
-0.0438467562198639
0.0141689041629434
0.0424607098102570
-0.0138993021100760
-0.0242951922118664
0.0365985482931137
0.0367960967123508
-0.0186474919319153
-0.0197914447635412
0.0375909917056561
0.0253518708050251
-0.0347523540258408
-0.0155915329232812
0.0347076356410980
0.0160242710262537
-0.0324097648262978
0.000549598480574787
0.0511219985783100
0.0142276370897889
-0.0224759839475155
0.0167231932282448
0.0570186078548431
0.0146969053894281
-0.0180992744863033
0.0319391116499901
0.0522084310650826
0.00271571194753051
-0.0190217401832342
0.0307066179811955
0.0427536852657795
-0.0136957187205553
-0.0142318084836006
0.0370729193091393
0.0351287052035332
-0.0173674132674932
-0.00916232168674469
0.0455392897129059
0.0258272439241409
-0.0226729754358530
-0.00285916402935982
0.0442418009042740
0.0220335572957993
-0.0195849668234587
0.0183617025613785
0.0543833374977112
0.0177937261760235
-0.0148420855402946
0.0252644177526236
0.0588498041033745
0.0146298445761204
-0.00362461409531534
0.0437319986522198
0.0604429617524147
0.0154715534299612
0.00488141179084778
0.0586445480585098
0.0606508068740368
0.0116530079394579
0.0160907246172428
0.0645689889788628
0.0583294108510017
0.00752449594438076
0.0237893573939800
0.0679237991571426
0.0463698208332062
0.00584523566067219
0.0298498906195164
0.0742128193378449
0.0449445545673370
0.0120898410677910
0.0493701733648777
0.0787516385316849
0.0425860062241554
0.0157599728554487
0.0612177923321724
0.0845572799444199
0.0423481538891792
0.0312147662043571
0.0730979442596436
0.0837529450654984
0.0404642708599567
0.0355869345366955
0.0853186398744583
0.0768504813313484
0.0330839678645134
0.0420292615890503
0.0381471775472164
0.0440627261996269
0.0858748853206635
0.0619638189673424
0.0290510635823011
0.0597681514918804
0.0869764089584351
0.0590573549270630
0.0308990702033043
0.0678893029689789
0.0915057733654976
0.0556283369660378
0.0423539467155933
0.0791826248168945
0.0925843268632889
0.0505682751536369
0.0408210642635822
0.0785474479198456
0.0755438134074211
0.0343656130135059
0.0349408015608788
0.0773919895291328
0.0714471638202667
0.0332468152046204
0.0492230691015720
0.0854658782482147
0.0706349015235901
0.0363719798624516
0.0587022416293621
0.0932195633649826
0.0695957541465759
0.0457599014043808
0.0753179490566254
0.110105291008949
0.0905502140522003
0.0687007978558540
0.0973549485206604
0.0951818823814392
0.0370688401162624
0.0299639571458101
0.104183115065098
0.150458991527557
0.126219451427460
0.111924394965172
0.125822916626930
0.110920868813992
0.0713790208101273
0.0799103081226349
0.123919993638992
0.112172588706017
0.0599596351385117
0.0436659455299377
0.0468054935336113
0.00667425477877259
-0.0351586006581783
-0.00829878821969032
0.0322198569774628
0.0305755734443665
0.0359750576317310
0.0926663354039192
0.140526518225670
0.132587224245071
0.138431832194328
0.182966321706772
0.197191059589386
0.160023629665375
0.138839244842529
0.153442353010178
0.129371166229248
0.0697516649961472
0.0501512400805950
0.0664151161909103
0.0510860048234463
0.0139243304729462
0.0274335835129023
0.0635451450943947
0.0568982586264610
0.0384632870554924
0.0655426159501076
0.103155612945557
0.0890335142612457
0.0710485726594925
0.0984228998422623
0.119573608040810
0.0942590311169624
0.0754580348730087
0.104804456233978
0.118898540735245
0.0915552973747253
0.0865350738167763
0.120537690818310
0.132611781358719
0.106242820620537
0.111286826431751
0.148189604282379
0.147825092077255
0.118802353739738
0.122277863323689
0.148889735341072
0.131952181458473
0.0938914418220520
0.0982151627540588
0.114832185208797
0.0913650542497635
0.0601529963314533
0.0767018496990204
0.0973636135458946
0.0742439180612564
0.0581387206912041
0.0838445872068405
0.101957187056541
0.0773798078298569
0.0683593153953552
0.101725533604622
0.113024130463600
0.0869659334421158
0.0817171931266785
0.111328318715096
0.113534666597843
0.0835264176130295
0.0867266207933426
0.114353448152542
0.108356356620789
0.0797256454825401
0.0879105031490326
0.114750504493713
0.102209441363811
0.0807058960199356
0.0981778353452683
0.122615233063698
0.105492815375328
0.0839611366391182
0.104454502463341
0.120187833905220
0.0980382263660431
0.0847077816724777
0.109638758003712
0.121955350041389
0.0949621796607971
0.0873010456562042
0.113572955131531
0.118487626314163
0.0919034332036972
0.0894995927810669
0.116954162716866
0.113340586423874
0.0858660340309143
0.0899451002478600
0.114528045058250
0.107753135263920
0.0839499980211258
0.0965001285076141
0.118293203413486
0.102155491709709
0.0791810303926468
0.0928419083356857
0.110114902257919
0.0883025676012039
0.0703801661729813
0.0895488336682320
0.101806446909904
0.0793266892433167
0.0665941163897514
0.0910053402185440
0.0997751206159592
0.0773115009069443
0.0760134309530258
0.101875901222229
0.104674309492111
0.0798785910010338
0.0831668078899384
0.110120519995689
0.105734951794147
0.0851348713040352
0.0911820530891419
0.113845214247704
0.103273801505566
0.0769285857677460
0.0959187150001526
0.105994351208210
0.0976679995656014
0.0767937526106834
0.0870841369032860
0.129428029060364